2.5945945945945947
3.891891891891892
5.1891891891891895
6.486486486486487
7.783783783783784
9.08108108108108
10.378378378378379
11.675675675675677
12.324324324324325
12.972972972972974
14.27027027027027
14.91891891891892
15.567567567567568
16.864864864864867
17.513513513513516
18.16216216216216
18.81081081081081
19.45945945945946
20.10810810810811
20.756756756756758
21.405405405405407
22.054054054054056
22.702702702702705
23.351351351351354
24.64864864864865
25.945945945945947
28.54054054054054
29.18918918918919
29.83783783783784
30.486486486486488
31.135135135135137
31.783783783783786
32.432432432432435
33.08108108108108
33.72972972972973
34.37837837837838
35.02702702702703
35.35135135135135
36.16216216216216
36.972972972972975
37.45945945945946
38.270270270270274
38.91891891891892
39.56756756756757
40.05405405405405
41.35135135135135
42.16216216216216
42.810810810810814
43.13513513513514
43.45945945945946
44.10810810810811
44.75675675675676
45.40540540540541
46.054054054054056
46.54054054054054
47.351351351351354
47.83783783783784
48.64864864864865
49.2972972972973
49.94594594594595
50.43243243243243
51.68918918918919
52.54054054054054
53.18918918918919
53.83783783783784
54.16216216216216
54.48648648648649
54.81081081081081
55.13513513513514
55.78378378378379
56.432432432432435
56.91891891891892
58.21621621621622
59.51351351351351
60.810810810810814
62.10810810810811
63.40540540540541
64.70270270270271
66
67.2972972972973
68.5945945945946
69.4054054054054
69.8918918918919
71.1891891891892
72
72.4864864864865
73.29729729729729
73.78378378378379
74.5945945945946
75.24324324324324
75.89189189189189
76.54054054054055
77.1891891891892
77.83783783783784
78.48648648648648
78.8108108108108
79.13513513513514
79.78378378378378
80.1081081081081
80.43243243243244
81.08108108108108
81.4054054054054
81.72972972972974
82.05405405405405
82.37837837837837
82.7027027027027
83.02702702702703
83.67567567567568
84
84.32432432432432
84.97297297297297
85.29729729729729
85.62162162162163
86.27027027027027
86.59459459459458
86.91891891891892
87.24324324324324
87.56756756756756
88.05405405405406